day		sst(K)		H(W/m2)		LE(W/m2)	TAU(m2/s2) 
0.000000	298.267510	-9.075165	10.085397	0.078265
0.021144	298.191999	-8.823618	9.585072	0.078223
0.042289	298.116489	-8.572071	9.084747	0.078175
0.063433	298.040978	-8.320524	8.584422	0.078123
0.084577	297.965467	-8.068977	8.084097	0.078066
0.105721	297.889957	-7.817430	7.583772	0.078005
0.126866	297.814446	-7.565882	7.083447	0.077941
0.148010	297.738935	-7.314335	6.583121	0.077872
0.169154	297.663425	-7.062788	6.082796	0.077800
0.190299	297.587914	-6.811241	5.582471	0.077724
0.211443	297.477436	-6.700991	5.243896	0.077645
0.232587	297.366958	-6.590741	4.905322	0.077563
0.253731	297.256480	-6.480491	4.566747	0.077478
0.274876	297.146001	-6.370241	4.228172	0.077390
0.296020	297.035523	-6.259991	3.889597	0.077300
0.317164	296.925045	-6.149741	3.551022	0.077207
0.338308	296.814567	-6.039491	3.212447	0.077113
0.359453	296.704089	-5.929241	2.873872	0.077016
0.380597	296.593611	-5.818991	2.535298	0.076918
0.401741	296.519430	-5.634000	2.519859	0.076897
0.422886	296.445248	-5.449008	2.504420	0.076877
0.444030	296.371067	-5.264017	2.488982	0.076856
0.465174	296.296886	-5.079025	2.473543	0.076835
0.486318	296.222705	-4.894033	2.458105	0.076815
0.507463	296.148524	-4.709042	2.442666	0.076794
0.528607	296.074343	-4.524050	2.427228	0.076773
0.549751	296.000162	-4.339059	2.411789	0.076751
0.570896	295.925981	-4.154067	2.396351	0.076730
0.592040	296.417431	-1.178688	11.031888	0.076709
0.613184	296.908881	1.796692	19.667426	0.076688
0.634328	297.400331	4.772071	28.302963	0.076666
0.655473	297.891782	7.747451	36.938500	0.076645
0.676617	298.383232	10.722830	45.574038	0.076623
0.697761	298.874682	13.698210	54.209575	0.076601
0.718905	299.366132	16.673589	62.845113	0.076580
0.740050	299.857582	19.648968	71.480650	0.076558
0.761194	300.349033	22.624348	80.116188	0.076536
0.782338	300.822441	31.792731	109.445442	0.076457
0.803483	301.295849	40.961114	138.774696	0.076376
0.824627	301.769258	50.129497	168.103950	0.076294
0.845771	302.242666	59.297880	197.433205	0.076211
0.866915	302.716075	68.466263	226.762459	0.076126
0.888060	303.189483	77.634645	256.091713	0.076039
0.909204	303.662892	86.803028	285.420967	0.075951
0.930348	304.136300	95.971411	314.750222	0.075862
0.951493	304.609709	105.139794	344.079476	0.075771
0.972637	304.636626	105.339581	346.679486	0.075679
0.993781	304.663543	105.539368	349.279496	0.075585
1.014925	304.690460	105.739156	351.879507	0.075489
1.036070	304.717376	105.938943	354.479517	0.075393
1.057214	304.744293	106.138730	357.079527	0.075294
1.078358	304.771210	106.338517	359.679538	0.075195
1.099502	304.798127	106.538304	362.279548	0.075094
1.120647	304.825044	106.738092	364.879558	0.074992
1.141791	304.851961	106.937879	367.479568	0.074889
1.162935	304.501361	97.240694	345.074734	0.075135
1.184080	304.150760	87.543509	322.669899	0.075379
1.205224	303.800160	77.846324	300.265064	0.075618
1.226368	303.449559	68.149140	277.860229	0.075853
1.247512	303.098959	58.451955	255.455394	0.076084
1.268657	302.748358	48.754770	233.050560	0.076308
1.289801	302.397758	39.057586	210.645725	0.076527
1.310945	302.047157	29.360401	188.240890	0.076738
1.332090	301.696557	19.663216	165.836055	0.076941
1.353234	301.330924	16.437048	148.645945	0.077133
1.374378	300.965291	13.210880	131.455835	0.077316
1.395522	300.599658	9.984712	114.265726	0.077489
1.416667	300.234025	6.758543	97.075616	0.077650
1.437811	299.868392	3.532375	79.885506	0.077799
1.458955	299.502759	0.306207	62.695396	0.077934
1.480100	299.137126	-2.919961	45.505286	0.078054
1.501244	298.771493	-6.146129	28.315176	0.078159
1.522388	298.405860	-9.372297	11.125066	0.078246
1.543532	298.335798	-9.065733	10.582472	0.078196
1.564677	298.265735	-8.759169	10.039877	0.078138
1.585821	298.195672	-8.452605	9.497282	0.078074
1.606965	298.125610	-8.146041	8.954688	0.078004
1.628109	298.055547	-7.839477	8.412093	0.077927
1.649254	297.985484	-7.532913	7.869499	0.077844
1.670398	297.915421	-7.226348	7.326904	0.077756
1.691542	297.845359	-6.919784	6.784309	0.077661
1.712687	297.775296	-6.613220	6.241715	0.077561
1.733831	297.649334	-6.496329	5.818542	0.077454
1.754975	297.523372	-6.379437	5.395370	0.077341
1.776119	297.397410	-6.262546	4.972198	0.077223
1.797264	297.271448	-6.145655	4.549026	0.077100
1.818408	297.145486	-6.028763	4.125854	0.076972
1.839552	297.019523	-5.911872	3.702682	0.076839
1.860697	296.893561	-5.794981	3.279509	0.076702
1.881841	296.767599	-5.678089	2.856337	0.076560
1.902985	296.641637	-5.561198	2.433165	0.076414
1.924129	296.563015	-5.429700	2.457936	0.076379
1.945274	296.484393	-5.298201	2.482706	0.076344
1.966418	296.405771	-5.166703	2.507477	0.076309
1.987562	296.327149	-5.035205	2.532247	0.076274
2.008706	296.248527	-4.903706	2.557018	0.076238
2.029851	296.169905	-4.772208	2.581788	0.076202
2.050995	296.091282	-4.640710	2.606559	0.076166
2.072139	296.012660	-4.509212	2.631329	0.076130
2.093284	295.934038	-4.377713	2.656100	0.076094
2.114428	296.410377	-1.663540	11.229481	0.076058
2.135572	296.886715	1.050633	19.802862	0.076021
2.156716	297.363054	3.764806	28.376243	0.075984
2.177861	297.839393	6.478980	36.949624	0.075947
2.199005	298.315731	9.193153	45.523005	0.075910
2.220149	298.792070	11.907326	54.096386	0.075873
2.241294	299.268408	14.621499	62.669767	0.075836
2.262438	299.744747	17.335672	71.243148	0.075798
2.283582	300.221086	20.049845	79.816529	0.075760
2.304726	300.678164	28.394685	107.231804	0.075705
2.325871	301.135242	36.739524	134.647079	0.075650
2.347015	301.592320	45.084364	162.062355	0.075594
2.368159	302.049398	53.429203	189.477630	0.075537
2.389303	302.506476	61.774043	216.892905	0.075479
2.410448	302.963554	70.118882	244.308180	0.075421
2.431592	303.420632	78.463722	271.723455	0.075363
2.452736	303.877710	86.808561	299.138730	0.075304
2.473881	304.334788	95.153401	326.554005	0.075244
2.495025	304.357254	95.488628	328.494377	0.075184
2.516169	304.379720	95.823856	330.434749	0.075124
2.537313	304.402185	96.159084	332.375121	0.075062
2.558458	304.424651	96.494311	334.315493	0.075001
2.579602	304.447117	96.829539	336.255865	0.074939
2.600746	304.469583	97.164767	338.196237	0.074876
2.621891	304.492049	97.499994	340.136609	0.074812
2.643035	304.514514	97.835222	342.076981	0.074748
2.664179	304.536980	98.170450	344.017353	0.074684
2.685323	304.201521	89.379700	323.310304	0.074906
2.706468	303.866061	80.588950	302.603255	0.075129
2.727612	303.530602	71.798200	281.896206	0.075353
2.748756	303.195143	63.007450	261.189157	0.075576
2.769900	302.859683	54.216701	240.482107	0.075799
2.791045	302.524224	45.425951	219.775058	0.076022
2.812189	302.188764	36.635201	199.068009	0.076242
