day		sst(K)		H(W/m2)		LE(W/m2)	TAU(m2/s2) 
0.000000	298.186818	-8.636009	11.072675	0.077817
0.013754	298.096664	-8.505758	10.429867	0.077786
0.027508	298.006510	-8.375506	9.787059	0.077755
0.041262	297.916356	-8.245255	9.144252	0.077723
0.055016	297.826202	-8.115004	8.501444	0.077691
0.068770	297.736049	-7.984752	7.858636	0.077659
0.082524	297.645895	-7.854501	7.215829	0.077626
0.096278	297.555741	-7.724249	6.573021	0.077594
0.110032	297.465587	-7.593998	5.930213	0.077561
0.123786	297.375433	-7.463746	5.287405	0.077527
0.137540	297.267650	-7.423538	5.015883	0.077494
0.151294	297.159867	-7.383330	4.744361	0.077460
0.165049	297.052084	-7.343122	4.472839	0.077426
0.178803	296.944301	-7.302914	4.201317	0.077392
0.192557	296.836517	-7.262705	3.929794	0.077358
0.206311	296.728734	-7.222497	3.658272	0.077324
0.220065	296.620951	-7.182289	3.386750	0.077290
0.233819	296.513168	-7.142081	3.115228	0.077255
0.247573	296.405385	-7.101872	2.843706	0.077221
0.261327	296.342713	-6.866653	2.690589	0.077143
0.275081	296.280042	-6.631434	2.537472	0.077063
0.288835	296.217370	-6.396215	2.384355	0.076982
0.302589	296.154699	-6.160996	2.231239	0.076900
0.316343	296.092028	-5.925777	2.078122	0.076816
0.330097	296.029356	-5.690558	1.925005	0.076730
0.343851	295.966685	-5.455339	1.771889	0.076644
0.357605	295.904013	-5.220120	1.618772	0.076556
0.371359	295.841342	-4.984901	1.465655	0.076467
0.385113	296.298867	-1.892167	10.218444	0.076377
0.398867	296.756392	1.200568	18.971233	0.076286
0.412621	297.213917	4.293303	27.724022	0.076194
0.426375	297.671443	7.386038	36.476811	0.076101
0.440129	298.128968	10.478773	45.229599	0.076007
0.453883	298.586493	13.571508	53.982388	0.075913
0.467638	299.044018	16.664243	62.735177	0.075817
0.481392	299.501543	19.756978	71.487966	0.075721
0.495146	299.959068	22.849712	80.240755	0.075625
0.508900	300.427806	31.758939	109.908423	0.075601
0.522654	300.896544	40.668166	139.576091	0.075578
0.536408	301.365282	49.577393	169.243759	0.075554
0.550162	301.834020	58.486620	198.911426	0.075530
0.563916	302.302758	67.395847	228.579094	0.075505
0.577670	302.771496	76.305073	258.246762	0.075481
0.591424	303.240234	85.214300	287.914430	0.075455
0.605178	303.708972	94.123527	317.582098	0.075430
0.618932	304.177710	103.032754	347.249766	0.075404
0.632686	304.243897	103.101689	349.654890	0.075378
0.646440	304.310085	103.170625	352.060015	0.075351
0.660194	304.376272	103.239560	354.465139	0.075324
0.673948	304.442459	103.308495	356.870263	0.075296
0.687702	304.508647	103.377431	359.275387	0.075269
0.701456	304.574834	103.446366	361.680511	0.075241
0.715210	304.641021	103.515301	364.085636	0.075212
0.728964	304.707209	103.584237	366.490760	0.075183
0.742718	304.773396	103.653172	368.895884	0.075154
0.756472	304.453866	94.533959	346.455647	0.075361
0.770227	304.134336	85.414747	324.015410	0.075566
0.783981	303.814806	76.295534	301.575173	0.075769
0.797735	303.495276	67.176321	279.134936	0.075968
0.811489	303.175746	58.057109	256.694698	0.076165
0.825243	302.856216	48.937896	234.254461	0.076358
0.838997	302.536686	39.818683	211.814224	0.076546
0.852751	302.217156	30.699471	189.373987	0.076730
0.866505	301.897626	21.580258	166.933750	0.076908
0.880259	301.517579	18.011176	149.729966	0.077081
0.894013	301.137532	14.442095	132.526181	0.077248
0.907767	300.757485	10.873013	115.322397	0.077407
0.921521	300.377438	7.303931	98.118613	0.077557
0.935275	299.997391	3.734850	80.914829	0.077699
0.949029	299.617344	0.165768	63.711045	0.077830
0.962783	299.237297	-3.403314	46.507261	0.077950
0.976537	298.857250	-6.972395	29.303476	0.078059
0.990291	298.477203	-10.541477	12.099692	0.078155
1.004045	298.412171	-10.239398	11.407726	0.078052
1.017799	298.347140	-9.937319	10.715760	0.077935
1.031553	298.282108	-9.635240	10.023794	0.077805
1.045307	298.217077	-9.333161	9.331828	0.077662
1.059061	298.152045	-9.031082	8.639861	0.077508
1.072816	298.087014	-8.729003	7.947895	0.077343
1.086570	298.021983	-8.426924	7.255929	0.077169
1.100324	297.956951	-8.124845	6.563963	0.076987
1.114078	297.891920	-7.822766	5.871997	0.076797
1.127832	297.772188	-7.708538	5.480391	0.076598
1.141586	297.652457	-7.594311	5.088786	0.076394
1.155340	297.532725	-7.480084	4.697180	0.076184
1.169094	297.412994	-7.365857	4.305575	0.075969
1.182848	297.293263	-7.251630	3.913969	0.075750
1.196602	297.173531	-7.137403	3.522363	0.075527
1.210356	297.053800	-7.023175	3.130758	0.075301
1.224110	296.934069	-6.908948	2.739152	0.075072
1.237864	296.814337	-6.794721	2.347547	0.074842
1.251618	296.721311	-6.638970	2.367740	0.074919
1.265372	296.628285	-6.483219	2.387934	0.074996
1.279126	296.535260	-6.327467	2.408127	0.075072
1.292880	296.442234	-6.171716	2.428321	0.075148
1.306634	296.349208	-6.015965	2.448515	0.075223
1.320388	296.256182	-5.860214	2.468708	0.075298
1.334142	296.163156	-5.704462	2.488902	0.075373
1.347896	296.070130	-5.548711	2.509095	0.075447
1.361650	295.977104	-5.392960	2.529289	0.075520
1.375405	296.502684	-2.228308	11.661523	0.075594
1.389159	297.028264	0.936343	20.793757	0.075667
1.402913	297.553844	4.100994	29.925991	0.075740
1.416667	298.079423	7.265646	39.058226	0.075812
1.430421	298.605003	10.430297	48.190460	0.075884
1.444175	299.130583	13.594948	57.322694	0.075955
1.457929	299.656163	16.759600	66.454928	0.076025
1.471683	300.181742	19.924251	75.587162	0.076095
1.485437	300.707322	23.088902	84.719396	0.076164
1.499191	301.196147	32.128596	115.057469	0.076096
1.512945	301.684971	41.168289	145.395542	0.076027
1.526699	302.173796	50.207983	175.733615	0.075956
1.540453	302.662620	59.247676	206.071687	0.075883
1.554207	303.151445	68.287370	236.409760	0.075808
1.567961	303.640269	77.327063	266.747833	0.075732
1.581715	304.129094	86.366756	297.085906	0.075653
1.595469	304.617918	95.406450	327.423978	0.075572
1.609223	305.106743	104.446143	357.762051	0.075489
1.622977	305.144467	104.791013	360.278410	0.075402
1.636731	305.182191	105.135882	362.794768	0.075313
1.650485	305.219915	105.480752	365.311127	0.075222
1.664239	305.257639	105.825621	367.827485	0.075128
1.677994	305.295362	106.170491	370.343844	0.075032
1.691748	305.333086	106.515360	372.860202	0.074933
1.705502	305.370810	106.860229	375.376561	0.074832
1.719256	305.408534	107.205099	377.892919	0.074728
1.733010	305.446258	107.549968	380.409278	0.074621
1.746764	305.065033	97.695341	357.998913	0.074830
1.760518	304.683809	87.840714	335.588548	0.075038
1.774272	304.302584	77.986086	313.178184	0.075247
1.788026	303.921360	68.131459	290.767819	0.075454
1.801780	303.540136	58.276832	268.357454	0.075661
1.815534	303.158911	48.422204	245.947089	0.075866
1.829288	302.777687	38.567577	223.536725	0.076070
1.843042	302.396462	28.712949	201.126360	0.076271
1.856796	302.015238	18.858322	178.715995	0.076468
1.870550	301.636607	15.718931	160.082459	0.076662
1.884304	301.257975	12.579540	141.448922	0.076851
1.898058	300.879344	9.440148	122.815386	0.077035
1.911812	300.500713	6.300757	104.181850	0.077212
1.925566	300.122082	3.161366	85.548314	0.077383
1.939320	299.743450	0.021975	66.914777	0.077545
1.953074	299.364819	-3.117417	48.281241	0.077698
1.966828	298.986188	-6.256808	29.647705	0.077840
1.980583	298.607557	-9.396199	11.014168	0.077971
1.994337	298.546368	-9.152019	10.547793	0.077947
2.008091	298.485180	-8.907839	10.081417	0.077922
2.021845	298.423991	-8.663659	9.615042	0.077898
2.035599	298.362803	-8.419479	9.148666	0.077874
2.049353	298.301614	-8.175299	8.682291	0.077850
2.063107	298.240426	-7.931119	8.215915	0.077826
2.076861	298.179237	-7.686939	7.749539	0.077801
2.090615	298.118049	-7.442759	7.283164	0.077777
2.104369	298.056860	-7.198580	6.816788	0.077753
2.118123	297.928436	-6.986849	6.350308	0.077728
2.131877	297.800011	-6.775119	5.883829	0.077702
2.145631	297.671586	-6.563388	5.417349	0.077677
2.159385	297.543161	-6.351658	4.950869	0.077651
2.173139	297.414737	-6.139927	4.484389	0.077626
2.186893	297.286312	-5.928197	4.017909	0.077601
2.200647	297.157887	-5.716467	3.551430	0.077576
2.214401	297.029462	-5.504736	3.084950	0.077551
2.228155	296.901038	-5.293006	2.618470	0.077527
2.241909	296.823533	-5.226825	2.526162	0.077457
2.255663	296.746028	-5.160645	2.433854	0.077384
2.269417	296.668523	-5.094465	2.341546	0.077309
2.283172	296.591018	-5.028284	2.249237	0.077232
2.296926	296.513513	-4.962104	2.156929	0.077152
2.310680	296.436008	-4.895924	2.064621	0.077069
2.324434	296.358504	-4.829743	1.972313	0.076984
2.338188	296.280999	-4.763563	1.880005	0.076896
2.351942	296.203494	-4.697382	1.787697	0.076806
2.365696	296.684725	-2.263514	9.321818	0.076712
2.379450	297.165957	0.170354	16.855939	0.076616
2.393204	297.647188	2.604221	24.390060	0.076517
2.406958	298.128419	5.038089	31.924182	0.076416
2.420712	298.609650	7.471957	39.458303	0.076312
2.434466	299.090882	9.905825	46.992424	0.076206
2.448220	299.572113	12.339693	54.526545	0.076097
2.461974	300.053344	14.773561	62.060666	0.075986
2.475728	300.534576	17.207429	69.594788	0.075873
2.489482	300.938399	24.855767	96.103096	0.075725
2.503236	301.342222	32.504104	122.611403	0.075573
2.516990	301.746046	40.152442	149.119711	0.075416
2.530744	302.149869	47.800779	175.628019	0.075254
2.544498	302.553692	55.449117	202.136327	0.075087
2.558252	302.957515	63.097454	228.644635	0.074916
2.572006	303.361339	70.745792	255.152943	0.074739
2.585761	303.765162	78.394129	281.661251	0.074558
2.599515	304.168985	86.042467	308.169559	0.074372
2.613269	304.184288	86.069987	311.318828	0.074181
2.627023	304.199591	86.097508	314.468097	0.073984
2.640777	304.214894	86.125028	317.617366	0.073783
2.654531	304.230197	86.152549	320.766634	0.073577
2.668285	304.245500	86.180069	323.915903	0.073366
2.682039	304.260803	86.207590	327.065172	0.073150
2.695793	304.276105	86.235110	330.214441	0.072930
2.709547	304.291408	86.262631	333.363710	0.072704
2.723301	304.306711	86.290151	336.512978	0.072474
2.737055	303.991713	78.722028	316.391192	0.072803
2.750809	303.676715	71.153905	296.269405	0.073140
2.764563	303.361717	63.585782	276.147618	0.073485
2.778317	303.046719	56.017659	256.025831	0.073836
2.792071	302.731722	48.449536	235.904044	0.074194
2.805825	302.416724	40.881413	215.782257	0.074558
2.819579	302.101726	33.313290	195.660470	0.074926
